    0.0300785
    0.0302359
    0.0303941
    0.0305532
    0.0307131
    0.0308738
    0.0310353
    0.0311977
    0.0313610
    0.0315251
    0.0316901
    0.0318559
    0.0320226
    0.0321902
    0.0323587
    0.0325280
    0.0326982
    0.0328693
    0.0330413
    0.0332142
    0.0333880
    0.0335628
    0.0337384
    0.0339149
    0.0340924
    0.0342708
    0.0344502
    0.0346304
    0.0348117
    0.0349938
    0.0351770
    0.0353610
    0.0355461
    0.0357321
    0.0359191
    0.0361070
    0.0362960
    0.0364859
    0.0366769
    0.0368688
    0.0370617
    0.0372557
    0.0374506
    0.0376466
    0.0378436
    0.0380416
    0.0382407
    0.0384408
    0.0386420
    0.0388442
    0.0390475
    0.0392518
    0.0394572
    0.0396637
    0.0398713
    0.0400799
    0.0402896
    0.0405005
    0.0407124
    0.0409255
    0.0411396
    0.0413549
    0.0415713
    0.0417889
    0.0420075
    0.0422274
    0.0424483
    0.0426705
    0.0428938
    0.0431182
    0.0433439
    0.0435707
    0.0437987
    0.0440279
    0.0442583
    0.0444899
    0.0447227
    0.0449568
    0.0451920
    0.0454285
    0.0456662
    0.0459052
    0.0461454
    0.0463869
    0.0466296
    0.0468737
    0.0471189
    0.0473655
    0.0476134
    0.0478625
    0.0481130
    0.0483648
    0.0486179
    0.0488723
    0.0491280
    0.0493851
    0.0496436
    0.0499033
    0.0501645
    0.0504270
    0.0506909
    0.0509562
    0.0512228
    0.0514909
    0.0517603
    0.0520312
    0.0523034
    0.0525772
    0.0528523
    0.0531289
    0.0534069
    0.0536864
    0.0539673
    0.0542497
    0.0545336
    0.0548190
    0.0551059
    0.0553942
    0.0556841
    0.0559755
    0.0562684
    0.0565629
    0.0568589
    0.0571564
    0.0574555
    0.0577562
    0.0580584
    0.0583622
    0.0586676
    0.0589746
    0.0592833
    0.0595935
    0.0599053
    0.0602188
    0.0605339
    0.0608507
    0.0611692
    0.0614893
    0.0618110
    0.0621345
    0.0624596
    0.0627865
    0.0631150
    0.0634453
    0.0637773
    0.0641111
    0.0644466
    0.0647838
    0.0651228
    0.0654636
    0.0658062
    0.0661506
    0.0664967
    0.0668447
    0.0671945
    0.0675461
    0.0678996
    0.0682549
    0.0686121
    0.0689711
    0.0693321
    0.0696949
    0.0700596
    0.0704262
    0.0707948
    0.0711652
    0.0715376
    0.0719120
    0.0722883
    0.0726666
    0.0730469
    0.0734291
    0.0738134
    0.0741996
    0.0745879
    0.0749782
    0.0753706
    0.0757650
    0.0761615
    0.0765600
    0.0769607
    0.0773634
    0.0777683
    0.0781752
    0.0785843
    0.0789955
    0.0794089
    0.0798245
    0.0802422
    0.0806621
    0.0810842
    0.0815085
    0.0819351
    0.0823638
    0.0827948
    0.0832281
    0.0836636
    0.0841014
    0.0845415
    0.0849840
    0.0854287
    0.0858757
    0.0863251
    0.0867769
    0.0872310
    0.0876874
    0.0881463
    0.0886076
    0.0890713
    0.0895374
    0.0900059
    0.0904769
    0.0909504
    0.0914263
    0.0919048
    0.0923857
    0.0928691
    0.0933551
    0.0938437
    0.0943347
    0.0948284
    0.0953246
    0.0958235
    0.0963249
    0.0968290
    0.0973357
    0.0978450
    0.0983571
    0.0988718
    0.0993892
    0.0999093
     0.100432
     0.100958
     0.101486
     0.102017
     0.102551
     0.103088
     0.103627
     0.104169
     0.104714
     0.105262
     0.105813
     0.106367
     0.106924
     0.107483
     0.108046
     0.108611
     0.109179
     0.109751
     0.110325
     0.110902
     0.111483
     0.112066
     0.112652
     0.113242
     0.113835
     0.114430
     0.115029
     0.115631
     0.116236
     0.116844
     0.117456
     0.118070
     0.118688
     0.119309
     0.119934
     0.120561
     0.121192
     0.121827
     0.122464
     0.123105
     0.123749
     0.124397
     0.125048
     0.125702
     0.126360
     0.127021
     0.127686
     0.128354
     0.129026
     0.129701
     0.130380
     0.131062
     0.131748
     0.132437
     0.133130
     0.133827
     0.134527
     0.135231
     0.135939
     0.136650
     0.137365
     0.138084
     0.138807
     0.139533
     0.140263
     0.140997
     0.141735
     0.142477
     0.143222
     0.143972
     0.144725
     0.145483
     0.146244
     0.147009
     0.147778
     0.148552
     0.149329
     0.150111
     0.150896
     0.151686
     0.152480
     0.153277
     0.154080
     0.154886
     0.155696
     0.156511
     0.157330
     0.158153
     0.158981
     0.159813
     0.160649
     0.161490
     0.162335
     0.163185
     0.164039
     0.164897
     0.165760
     0.166627
     0.167499
     0.168376
     0.169257
     0.170143
     0.171033
     0.171928
     0.172828
     0.173732
     0.174641
     0.175555
     0.176474
     0.177397
     0.178326
     0.179259
     0.180197
     0.181140
     0.182088
     0.183041
     0.183998
     0.184961
     0.185929
     0.186902
     0.187880
     0.188863
     0.189852
     0.190845
     0.191844
     0.192848
     0.193857
     0.194871
     0.195891
     0.196916
     0.197947
     0.198983
     0.200024
     0.201071
     0.202123
     0.203181
     0.204244
     0.205313
     0.206387
     0.207467
     0.208553
     0.209644
     0.210741
     0.211844
     0.212952
     0.214067
     0.215187
     0.216313
     0.217445
     0.218583
     0.219727
     0.220877
     0.222033
     0.223194
     0.224362
     0.225536
     0.226717
     0.227903
     0.229096
     0.230295
     0.231500
     0.232711
     0.233929
     0.235153
     0.236384
     0.237621
     0.238864
     0.240114
     0.241371
     0.242634
     0.243903
     0.245180
     0.246463
     0.247753
     0.249049
     0.250352
     0.251662
     0.252979
     0.254303
     0.255634
     0.256972
     0.258316
     0.259668
     0.261027
     0.262393
     0.263766
     0.265146
     0.266534
     0.267929
     0.269331
     0.270740
     0.272157
     0.273581
     0.275013
     0.276452
     0.277899
     0.279353
     0.280815
     0.282284
     0.283761
     0.285246
     0.286739
     0.288240
     0.289748
     0.291264
     0.292788
     0.294320
     0.295861
     0.297409
     0.298965
     0.300530
     0.302102
     0.303683
     0.305272
     0.306870
     0.308476
     0.310090
     0.311713
     0.313344
     0.314984
     0.316632
     0.318289
     0.319955
     0.321629
     0.323312
     0.325004
     0.326705
     0.328414
     0.330133
     0.331860
     0.333597
     0.335343
     0.337098
     0.338862
     0.340635
     0.342417
     0.344209
     0.346011
     0.347821
     0.349641
     0.351471
     0.353310
     0.355159
     0.357018
     0.358886
     0.360764
     0.362652
     0.364550
     0.366457
     0.368375
     0.370303
     0.372240
     0.374188
     0.376147
     0.378115
     0.380094
     0.382083
     0.384082
     0.386092
     0.388112
     0.390143
     0.392185
     0.394237
     0.396300
     0.398374
     0.400459
     0.402554
     0.404661
     0.406779
     0.408907
     0.411047
     0.413198
     0.415360
     0.417534
     0.419719
     0.421915
     0.424123
     0.426343
     0.428574
     0.430816
     0.433071
     0.435337
     0.437615
     0.439905
     0.442207
     0.444521
     0.446848
     0.449186
     0.451537
     0.453899
     0.456275
     0.458662
     0.461063
     0.463475
     0.465901
     0.468339
     0.470790
     0.473253
     0.475730
     0.478219
     0.480722
     0.483237
     0.485766
     0.488308
     0.490863
     0.493432
     0.496014
     0.498610
     0.501219
     0.503842
     0.506479
     0.509129
     0.511793
     0.514472
     0.517164
     0.519870
     0.522591
     0.525325
     0.528074
     0.530838
     0.533616
     0.536408
     0.539215
     0.542037
     0.544873
     0.547725
     0.550591
     0.553472
     0.556368
     0.559280
     0.562207
     0.565149
     0.568106
     0.571079
     0.574067
     0.577071
     0.580091
     0.583127
     0.586178
     0.589246
     0.592329
     0.595429
     0.598545
     0.601677
     0.604826
     0.607991
     0.611172
     0.614371
     0.617586
     0.620817
     0.624066
     0.627332
     0.630615
     0.633915
     0.637232
     0.640567
     0.643919
     0.647288
     0.650676
     0.654081
     0.657503
     0.660944
     0.664403
     0.667880
     0.671375
     0.674888
     0.678420
     0.681970
     0.685539
     0.689126
     0.692732
     0.696357
     0.700001
     0.703664
     0.707347
     0.711048
     0.714769
     0.718509
     0.722269
     0.726049
     0.729849
     0.733668
     0.737507
     0.741367
     0.745246
     0.749146
     0.753066
     0.757007
     0.760968
     0.764951
     0.768954
     0.772977
     0.777022
     0.781089
     0.785176
     0.789285
     0.793415
     0.797567
     0.801741
     0.805936
     0.810154
     0.814393
     0.818655
     0.822939
     0.827246
     0.831574
     0.835926
     0.840301
     0.844698
     0.849118
     0.853562
     0.858028
     0.862518
     0.867032
     0.871569
     0.876130
     0.880715
     0.885324
     0.889956
     0.894614
     0.899295
     0.904001
     0.908732
     0.913487
     0.918267
     0.923073
     0.927903
     0.932759
     0.937640
     0.942547
     0.947479
     0.952437
     0.957421
     0.962431
     0.967468
     0.972531
     0.977620
     0.982736
     0.987878
     0.993048
     0.998245
      1.00347
      1.00872
      1.01400
      1.01930
      1.02464
      1.03000
      1.03539
      1.04081
      1.04626
      1.05173
      1.05723
      1.06277
      1.06833
      1.07392
      1.07954
      1.08519
      1.09087
      1.09657
      1.10231
      1.10808
      1.11388
      1.11971
      1.12557
      1.13146
      1.13738
      1.14333
      1.14931
      1.15533
      1.16137
      1.16745
      1.17356
      1.17970
      1.18588
      1.19208
      1.19832
      1.20459
      1.21089
      1.21723
      1.22360
      1.23000
      1.23644
      1.24291
      1.24941
      1.25595
      1.26253
      1.26913
      1.27577
      1.28245
      1.28916
      1.29591
      1.30269
      1.30951
      1.31636
      1.32325
      1.33017
      1.33713
      1.34413
      1.35116
      1.35823
      1.36534
      1.37249
      1.37967
      1.38689
      1.39415
      1.40144
      1.40877
      1.41615
      1.42356
      1.43101
      1.43850
      1.44602
      1.45359
      1.46120
      1.46884
      1.47653
      1.48426
      1.49202
      1.49983
      1.50768
      1.51557
      1.52350
      1.53147
      1.53949
      1.54754
      1.55564
      1.56378
      1.57197
      1.58019
      1.58846
      1.59677
      1.60513
      1.61353
      1.62197
      1.63046
      1.63899
      1.64757
      1.65619
      1.66486
      1.67357
      1.68233
      1.69113
      1.69998
      1.70888
      1.71782
      1.72681
      1.73585
      1.74493
      1.75406
      1.76324
      1.77247
      1.78174
      1.79107
      1.80044
      1.80986
      1.81933
      1.82885
      1.83842
      1.84804
      1.85771
      1.86743
      1.87721
      1.88703
      1.89691
      1.90683
      1.91681
      1.92684
      1.93692
      1.94706
      1.95725
      1.96749
      1.97779
      1.98814
      1.99854
      2.00900
      2.01951
      2.03008
      2.04070
      2.05138
      2.06212
      2.07291
      2.08376
      2.09466
      2.10562
      2.11664
      2.12772
      2.13885
      2.15004
      2.16130
      2.17261
      2.18397
      2.19540
      2.20689
      2.21844
      2.23005
      2.24172
      2.25345
      2.26524
      2.27710
      2.28901
      2.30099
      2.31303
      2.32514
      2.33730
      2.34953
      2.36183
      2.37419
      2.38661
      2.39910
      2.41166
      2.42428
      2.43696
      2.44972
      2.46254
      2.47542
      2.48838
      2.50140
      2.51449
      2.52765
      2.54087
      2.55417
      2.56754
      2.58097
      2.59448
      2.60805
      2.62170
      2.63542
      2.64921
      2.66308
      2.67701
      2.69102
      2.70510
      2.71926
      2.73349
      2.74779
      2.76217
      2.77663
      2.79116
      2.80576
      2.82045
      2.83520
      2.85004
      2.86496
      2.87995
      2.89502
      2.91017
      2.92540
      2.94071
      2.95609
      2.97156
      2.98711
      3.00275
      3.01846
      3.03425
      3.05013
      3.06609
      3.08214
      3.09827
      3.11448
      3.13078
      3.14716
      3.16363
      3.18019
      3.19683
      3.21356
      3.23037
      3.24728
      3.26427
      3.28135
      3.29853
      3.31579
      3.33314
      3.35058
      3.36811
      3.38574
      3.40346
      3.42127
      3.43917
      3.45717
      3.47526
      3.49345
      3.51173
      3.53010
      3.54858
      3.56715
      3.58581
      3.60458
      3.62344
      3.64240
      3.66146
      3.68062
      3.69988
      3.71924
      3.73871
      3.75827
      3.77794
      3.79771
      3.81758
      3.83756
      3.85764
      3.87783
      3.89812
      3.91852
      3.93903
      3.95964
      3.98036
      4.00119
      4.02213
      4.04318
      4.06433
      4.08560
      4.10698
      4.12847
      4.15008
      4.17180
      4.19363
      4.21557
      4.23763
      4.25981
      4.28210
      4.30451
      4.32703
      4.34968
      4.37244
      4.39532
      4.41832
      4.44144
      4.46468
      4.48805
      4.51153
      4.53514
      4.55887
      4.58273
      4.60671
      4.63082
      4.65505
      4.67941
      4.70390
      4.72851
      4.75326
      4.77813
      4.80314
      4.82827
      4.85354
      4.87894
      4.90447
      4.93013
      4.95593
      4.98187
      5.00794
      5.03414
      5.06049
      5.08697
      5.11359
      5.14035
      5.16725
      5.19429
      5.22147
      5.24879
      5.27626
      5.30387
      5.33163
      5.35953
      5.38757
      5.41577
      5.44411
      5.47260
      5.50123
      5.53002
      5.55896
      5.58805
      5.61729
      5.64669
      5.67624
      5.70594
      5.73580
      5.76581
      5.79599
      5.82632
      5.85681
      5.88746
      5.91826
      5.94923
      5.98037
      6.01166
      6.04312
      6.07475
      6.10653
      6.13849
      6.17061
      6.20290
      6.23536
      6.26799
      6.30079
      6.33377
      6.36691
      6.40023
      6.43372
      6.46739
      6.50123
      6.53525
      6.56945
      6.60383
      6.63839
      6.67313
      6.70805
      6.74315
      6.77844
      6.81391
      6.84957
      6.88541
      6.92144
      6.95766
      6.99407
      7.03067
      7.06746
      7.10445
      7.14162
      7.17900
      7.21656
      7.25433
      7.29229
      7.33045
      7.36881
      7.40737
      7.44613
      7.48510
      7.52427
      7.56364
      7.60322
      7.64301
      7.68301
      7.72321
      7.76363
      7.80426
      7.84509
      7.88615
      7.92742
      7.96890
      8.01060
      8.05252
      8.09466
      8.13702
      8.17960
      8.22240
      8.26543
      8.30869
      8.35216
      8.39587
      8.43981
      8.48397
      8.52837
      8.57300
      8.61786
      8.66296
      8.70829
      8.75386
      8.79967
      8.84572
      8.89201
      8.93854
      8.98532
      9.03234
      9.07960
      9.12712
      9.17488
      9.22289
      9.27115
      9.31967
      9.36844
      9.41746
      9.46675
      9.51629
      9.56608
      9.61614
      9.66646
      9.71705
      9.76790
      9.81901
      9.87040
      9.92205
      9.97397
