0.0300785
0.0302359
0.0303941
0.0305532
0.0307131
0.0308738
0.0310353
0.0311977
0.031361
0.0315251
0.0316901
0.0318559
0.0320226
0.0321902
0.0323586
0.032528
0.0326982
0.0328693
0.0330413
0.0332142
0.033388
0.0335627
0.0337384
0.0339149
0.0340924
0.0342708
0.0344501
0.0346304
0.0348116
0.0349938
0.0351769
0.035361
0.035546
0.035732
0.035919
0.036107
0.0362959
0.0364859
0.0366768
0.0368687
0.0370617
0.0372556
0.0374506
0.0376465
0.0378435
0.0380416
0.0382406
0.0384407
0.0386419
0.0388441
0.0390474
0.0392517
0.0394571
0.0396636
0.0398712
0.0400798
0.0402895
0.0405004
0.0407123
0.0409254
0.0411395
0.0413548
0.0415712
0.0417887
0.0420074
0.0422272
0.0424482
0.0426703
0.0428936
0.0431181
0.0433437
0.0435705
0.0437985
0.0440277
0.0442581
0.0444897
0.0447226
0.0449566
0.0451918
0.0454283
0.045666
0.045905
0.0461452
0.0463867
0.0466295
0.0468735
0.0471187
0.0473653
0.0476132
0.0478623
0.0481128
0.0483646
0.0486177
0.0488721
0.0491278
0.0493849
0.0496433
0.0499031
0.0501643
0.0504268
0.0506906
0.0509559
0.0512225
0.0514906
0.05176
0.0520309
0.0523032
0.0525769
0.052852
0.0531286
0.0534066
0.0536861
0.053967
0.0542494
0.0545333
0.0548187
0.0551055
0.0553939
0.0556838
0.0559752
0.0562681
0.0565625
0.0568585
0.0571561
0.0574551
0.0577558
0.058058
0.0583619
0.0586673
0.0589743
0.0592829
0.0595931
0.0599049
0.0602184
0.0605335
0.0608503
0.0611687
0.0614888
0.0618106
0.0621341
0.0624592
0.062786
0.0631146
0.0634449
0.0637769
0.0641106
0.0644461
0.0647834
0.0651224
0.0654631
0.0658057
0.0661501
0.0664962
0.0668442
0.067194
0.0675456
0.0678991
0.0682544
0.0686116
0.0689706
0.0693315
0.0696943
0.070059
0.0704256
0.0707942
0.0711646
0.071537
0.0719114
0.0722877
0.072666
0.0730462
0.0734285
0.0738127
0.074199
0.0745873
0.0749776
0.0753699
0.0757643
0.0761608
0.0765594
0.07696
0.0773627
0.0777676
0.0781745
0.0785836
0.0789948
0.0794082
0.0798237
0.0802414
0.0806613
0.0810834
0.0815077
0.0819343
0.082363
0.082794
0.0832273
0.0836628
0.0841006
0.0845407
0.0849831
0.0854278
0.0858749
0.0863242
0.086776
0.0872301
0.0876865
0.0881454
0.0886067
0.0890703
0.0895364
0.090005
0.090476
0.0909494
0.0914254
0.0919038
0.0923847
0.0928682
0.0933541
0.0938426
0.0943337
0.0948274
0.0953236
0.0958224
0.0963238
0.0968279
0.0973346
0.0978439
0.098356
0.0988707
0.099388
0.0999081
0.1004309
0.1009565
0.1014848
0.1020159
0.1025497
0.1030863
0.1036258
0.1041681
0.1047132
0.1052611
0.1058119
0.1063657
0.1069223
0.1074818
0.1080442
0.1086096
0.109178
0.1097493
0.1103236
0.1109009
0.1114813
0.1120646
0.1126511
0.1132406
0.1138331
0.1144288
0.1150276
0.1156296
0.1162346
0.1168429
0.1174543
0.118069
0.1186868
0.1193079
0.1199322
0.1205598
0.1211907
0.1218249
0.1224624
0.1231032
0.1237474
0.124395
0.1250459
0.1257003
0.1263581
0.1270193
0.127684
0.1283522
0.1290238
0.129699
0.1303777
0.13106
0.1317458
0.1324352
0.1331282
0.1338249
0.1345252
0.1352292
0.1359368
0.1366482
0.1373632
0.138082
0.1388046
0.139531
0.1402611
0.1409951
0.1417329
0.1424746
0.1432202
0.1439696
0.144723
0.1454804
0.1462417
0.1470069
0.1477762
0.1485495
0.1493269
0.1501083
0.1508938
0.1516834
0.1524772
0.1532751
0.1540772
0.1548834
0.1556939
0.1565087
0.1573277
0.158151
0.1589786
0.1598105
0.1606468
0.1614874
0.1623325
0.1631819
0.1640359
0.1648943
0.1657571
0.1666245
0.1674965
0.168373
0.1692541
0.1701398
0.1710301
0.1719251
0.1728248
0.1737292
0.1746383
0.1755521
0.1764708
0.1773943
0.1783226
0.1792557
0.1801937
0.1811367
0.1820846
0.1830374
0.1839952
0.1849581
0.1859259
0.1868989
0.1878769
0.1888601
0.1898484
0.1908418
0.1918405
0.1928444
0.1938535
0.194868
0.1958877
0.1969128
0.1979432
0.198979
0.2000203
0.201067
0.2021191
0.2031768
0.20424
0.2053088
0.2063832
0.2074632
0.2085488
0.2096402
0.2107372
0.21184
0.2129485
0.2140629
0.215183
0.2163091
0.217441
0.2185789
0.2197227
0.2208725
0.2220283
0.2231902
0.2243581
0.2255322
0.2267124
0.2278987
0.2290913
0.2302901
0.2314952
0.2327066
0.2339244
0.2351485
0.236379
0.237616
0.2388594
0.2401094
0.2413658
0.2426289
0.2438986
0.2451749
0.2464579
0.2477476
0.249044
0.2503472
0.2516573
0.2529742
0.254298
0.2556287
0.2569664
0.2583111
0.2596629
0.2610217
0.2623876
0.2637606
0.2651409
0.2665283
0.2679231
0.2693251
0.2707345
0.2721512
0.2735754
0.275007
0.2764461
0.2778927
0.2793469
0.2808087
0.2822782
0.2837553
0.2852402
0.2867328
0.2882333
0.2897416
0.2912578
0.2927819
0.2943141
0.2958542
0.2974024
0.2989587
0.3005231
0.3020957
0.3036766
0.3052657
0.3068631
0.3084689
0.3100831
0.3117058
0.3133369
0.3149766
0.3166249
0.3182818
0.3199473
0.3216216
0.3233046
0.3249964
0.3266971
0.3284067
0.3301253
0.3318528
0.3335894
0.335335
0.3370898
0.3388538
0.340627
0.3424095
0.3442013
0.3460025
0.3478131
0.3496332
0.3514628
0.353302
0.3551508
0.3570093
0.3588775
0.3607555
0.3626433
0.364541
0.3664486
0.3683662
0.3702939
0.3722316
0.3741795
0.3761375
0.3781058
0.3800844
0.3820734
0.3840728
0.3860826
0.388103
0.3901339
0.3921754
0.3942277
0.3962906
0.3983644
0.400449
0.4025446
0.4046511
0.4067686
0.4088972
0.4110369
0.4131878
0.41535
0.4175235
0.4197084
0.4219047
0.4241125
0.4263319
0.4285629
0.4308055
0.4330599
0.4353261
0.4376041
0.4398941
0.442196
0.44451
0.4468361
0.4491744
0.4515249
0.4538877
0.4562629
0.4586505
0.4610506
0.4634632
0.4658885
0.4683265
0.4707772
0.4732408
0.4757172
0.4782066
0.480709
0.4832246
0.4857533
0.4882952
0.4908504
0.493419
0.496001
0.4985966
0.5012057
0.5038285
0.506465
0.5091153
0.5117795
0.5144576
0.5171497
0.519856
0.5225763
0.525311
0.5280599
0.5308232
0.533601
0.5363933
0.5392002
0.5420218
0.5448582
0.5477094
0.5505755
0.5534567
0.5563529
0.5592642
0.5621908
0.5651328
0.5680901
0.5710629
0.5740512
0.5770552
0.5800749
0.5831104
0.5861618
0.5892291
0.5923125
0.5954121
0.5985278
0.6016599
0.6048084
0.6079733
0.6111548
0.6143529
0.6175678
0.6207995
0.6240481
0.6273137
0.6305964
0.6338963
0.6372135
0.640548
0.6438999
0.6472694
0.6506566
0.6540614
0.6574841
0.6609247
0.6643833
0.6678599
0.6713548
0.674868
0.6783995
0.6819496
0.6855182
0.6891055
0.6927115
0.6963364
0.6999803
0.7036433
0.7073254
0.7110268
0.7147476
0.7184878
0.7222476
0.7260271
0.7298264
0.7336455
0.7374847
0.7413439
0.7452233
0.749123
0.7530431
0.7569838
0.760945
0.764927
0.7689299
0.7729536
0.7769985
0.7810644
0.7851517
0.7892604
0.7933905
0.7975423
0.8017158
0.8059112
0.8101284
0.8143678
0.8186294
0.8229132
0.8272195
0.8315483
0.8358997
0.8402739
0.844671
0.8490912
0.8535344
0.8580009
0.8624908
0.8670042
0.8715412
0.8761019
0.8806865
0.8852951
0.8899278
0.8945847
0.8992661
0.9039719
0.9087023
0.9134575
0.9182376
0.9230427
0.9278729
0.9327284
0.9376093
0.9425158
0.9474479
0.9524059
0.9573898
0.9623998
0.9674359
0.9724985
0.9775875
0.9827032
0.9878456
0.993015
0.9982114
1.003435
1.0086859
1.0139643
1.0192703
1.0246041
1.0299658
1.0353556
1.0407735
1.0462199
1.0516947
1.0571981
1.0627304
1.0682916
1.0738819
1.0795015
1.0851505
1.090829
1.0965373
1.1022754
1.1080436
1.1138419
1.1196706
1.1255298
1.1314196
1.1373403
1.1432919
1.1492747
1.1552888
1.1613344
1.1674116
1.1735206
1.1796615
1.1858347
1.1920401
1.198278
1.2045485
1.2108518
1.2171882
1.2235576
1.2299605
1.2363968
1.2428668
1.2493706
1.2559085
1.2624806
1.2690871
1.2757282
1.282404
1.2891148
1.2958607
1.3026418
1.3094585
1.3163108
1.323199
1.3301233
1.3370837
1.3440806
1.3511141
1.3581844
1.3652918
1.3724363
1.3796181
1.3868376
1.3940949
1.4013901
1.4087235
1.4160953
1.4235056
1.4309548
1.4384429
1.4459702
1.4535369
1.4611432
1.4687893
1.4764754
1.4842017
1.4919684
1.4997758
1.5076241
1.5155134
1.523444
1.5314161
1.5394299
1.5474857
1.5555836
1.5637239
1.5719068
1.5801325
1.5884013
1.5967133
1.6050688
1.6134681
1.6219113
1.6303986
1.6389304
1.6475069
1.6561282
1.6647946
1.6735064
1.6822638
1.691067
1.6999163
1.7088119
1.717754
1.7267429
1.7357789
1.7448621
1.7539929
1.7631714
1.772398
1.7816729
1.7909963
1.8003685
1.8097897
1.8192603
1.8287804
1.8383503
1.8479703
1.8576406
1.8673616
1.8771334
1.8869563
1.8968307
1.9067567
1.9167347
1.9267648
1.9368475
1.9469829
1.9571714
1.9674132
1.9777086
1.9880578
1.9984612
2.0089191
2.0194316
2.0299992
2.0406221
2.0513006
2.0620349
2.0728255
2.0836725
2.0945762
2.105537
2.1165552
2.127631
2.1387648
2.1499569
2.1612075
2.172517
2.1838856
2.1953138
2.2068018
2.2183499
2.2299584
2.2416276
2.253358
2.2651497
2.2770031
2.2889185
2.3008963
2.3129368
2.3250403
2.3372071
2.3494376
2.3617321
2.3740909
2.3865144
2.3990029
2.4115568
2.4241764
2.436862
2.4496139
2.4624326
2.4753184
2.4882716
2.5012926
2.5143818
2.5275394
2.5407659
2.5540616
2.5674269
2.5808621
2.5943676
2.6079438
2.6215911
2.6353097
2.6491002
2.6629628
2.6768979
2.690906
2.7049874
2.7191425
2.7333716
2.7476752
2.7620536
2.7765073
2.7910366
2.805642
2.8203238
2.8350824
2.8499183
2.8648317
2.8798233
2.8948932
2.9100421
2.9252702
2.940578
2.9559659
2.9714343
2.9869837
3.0026144
3.0183269
3.0341217
3.0499991
3.0659596
3.0820036
3.0981316
3.1143439
3.1306411
3.1470236
3.1634918
3.1800462
3.1966873
3.2134154
3.230231
3.2471347
3.2641268
3.2812078
3.2983782
3.3156384
3.332989
3.3504304
3.367963
3.3855874
3.403304
3.4211133
3.4390158
3.457012
3.4751024
3.4932874
3.5115676
3.5299435
3.5484155
3.5669842
3.58565
3.6044136
3.6232753
3.6422357
3.6612953
3.6804547
3.6997144
3.7190748
3.7385365
3.7581001
3.777766
3.7975349
3.8174072
3.8373835
3.8574644
3.8776503
3.8979418
3.9183396
3.938844
3.9594558
3.9801755
4.0010035
4.0219406
4.0429872
4.0641439
4.0854114
4.1067902
4.1282808
4.1498839
4.1716
4.1934298
4.2153738
4.2374326
4.2596069
4.2818972
4.3043042
4.3268284
4.3494705
4.372231
4.3951107
4.4181101
4.4412299
4.4644706
4.4878329
4.5113176
4.5349251
4.5586561
4.5825113
4.6064914
4.6305969
4.6548286
4.6791871
4.703673
4.7282871
4.75303
4.7779024
4.8029049
4.8280383
4.8533032
4.8787003
4.9042303
4.9298938
4.9556917
4.9816246
5.0076932
5.0338982
5.0602404
5.0867204
5.1133389
5.1400968
5.1669946
5.1940333
5.2212134
5.2485357
5.2760011
5.3036101
5.3313636
5.3592624
5.3873072
5.4154987
5.4438377
5.472325
5.5009614
5.5297477
5.5586846
5.5877729
5.6170135
5.646407
5.6759544
5.7056564
5.7355138
5.7655274
5.7956982
5.8260268
5.8565141
5.8871609
5.9179681
5.9489366
5.9800671
6.0113605
6.0428176
6.0744394
6.1062266
6.1381802
6.170301
6.2025899
6.2350477
6.2676754
6.3004738
6.3334439
6.3665865
6.3999025
6.4333929
6.4670585
6.5009003
6.5349192
6.5691161
6.603492
6.6380477
6.6727843
6.7077027
6.7428037
6.7780885
6.8135579
6.8492129
6.8850545
6.9210837
6.9573013
6.9937086
7.0303063
7.0670955
7.1040773
7.1412526
7.1786224
7.2161878
7.2539497
7.2919093
7.3300675
7.3684254
7.406984
7.4457443
7.4847076
7.5238747
7.5632467
7.6028248
7.64261
7.6826034
7.7228061
7.7632192
7.8038437
7.8446808
7.8857317
7.9269973
7.9684789
8.0101776
8.0520944
8.0942306
8.1365873
8.1791657
8.2219669
8.264992
8.3082423
8.3517189
8.395423
8.4393559
8.4835186
8.5279124
8.5725386
8.6173983
8.6624927
8.7078231
8.7533907
8.7991967
8.8452425
8.8915292
8.9380581
8.9848306
9.0318477
9.0791109
9.1266215
9.1743806
9.2223897
9.27065
9.3191629
9.3679296
9.4169515
9.46623
9.5157663
9.5655618
9.6156179
9.665936
9.7165173
9.7673634
9.8184755
9.8698551
9.9215036
9.9734223
10.0256127
10.0780763
10.1308143
10.1838284
10.2371199
10.2906902
10.3445409
10.3986733
10.4530891
10.5077896
10.5627763
10.6180508
10.6736145
10.729469
10.7856158
10.8420564
10.8987924
10.9558252
11.0131565
11.0707878
11.1287207
11.1869567
11.2454975
11.3043446
11.3634997
11.4229643
11.4827401
11.5428288
11.6032318
11.6639509
11.7249878
11.7863441
11.8480215
11.9100216
11.9723461
12.0349968
12.0979754
12.1612835
12.2249229
12.2888953
12.3532024
12.4178461
12.4828281
12.5481501
12.613814
12.6798215
12.7461743
12.8128744
12.8799236
12.9473236
13.0150763
13.0831835
13.1516472
13.2204691
13.2896511
13.3591952
13.4291032
13.4993771
13.5700186
13.6410299
13.7124127
13.7841691
13.856301
13.9288103
14.0016991
14.0749693
14.1486229
14.2226619
14.2970884
14.3719044
14.4471118
14.5227129
14.5987095
14.6751038
14.7518979
14.8290939
14.9066938
14.9846998
15.0631139
15.1419385
15.2211755
15.3008271
15.3808956
15.4613831
15.5422917
15.6236238
15.7053814
15.7875669
15.8701825
15.9532303
16.0367128
16.1206321
16.2049906
16.2897905
16.3750342
16.4607239
16.5468621
16.633451
16.720493
16.8079905
16.8959459
16.9843616
17.0732399
17.1625833
17.2523942
17.3426752
17.4334285
17.5246568
17.6163625
17.708548
17.801216
17.8943688
17.9880092
18.0821395
18.1767625
18.2718806
18.3674964
18.4636126
18.5602318
18.6573566
18.7549896
18.8531335
18.951791
19.0509648
19.1506576
19.250872
19.3516109
19.4528769
19.5546728
19.6570015
19.7598656
19.863268
19.9672115
20.0716989
20.1767331
20.282317
20.3884533
20.4951451
20.6023952
20.7102065
20.818582
20.9275246
21.0370373
21.147123
21.2577849
21.3690258
21.4808489
21.5932571
21.7062535
21.8198413
21.9340234
22.0488031
22.1641834
22.2801675
22.3967585
22.5139596
22.631774
22.750205
22.8692557
22.9889294
23.1092293
23.2301587
23.351721
23.4739194
23.5967573
23.7202379
23.8443648
23.9691411
24.0945705
24.2206562
24.3474017
24.4748104
24.6028859
24.7316316
24.861051
24.9911476
25.121925
25.2533868
25.3855366
25.5183778
25.6519142
25.7861494
25.9210871
26.0567308
26.1930844
26.3301515
26.4679359
26.6064413
26.7456715
26.8856303
27.0263214
27.1677488
27.3099163
27.4528277
27.596487
27.7408981
27.8860648
28.0319912
28.1786812
28.3261389
28.4743682
28.6233731
28.7731578
28.9237263
29.0750828
29.2272312
29.3801759
29.5339209
29.6884704
29.8438287
30.0
